3.14159265358979323846264338327950288419
7169399375105820974944592307816406286208
9986280348253421170679821480865132823066
4709384460955058223172535940812848111745
0284102701938521105559644622948954930381
9644288109756659334461284756482337867831
6527120190914564856692346034861045432664
8213393607260249141273724587006606315588
1748815209209628292540917153643678925903
6001133053054882046652138414695194151160
9433057270365759591953092186117381932611
7931051185480744623799627495673518857527
2489122793818301194912983367336244065664
3086021394946395224737190702179860943702
7705392171762931767523846748184676694051
3200056812714526356082778577134275778960
9173637178721468440901224953430146549585
3710507922796892589235420199561121290219
6086403441815981362977477130996051870721
1349999998372978049951059731732816096318
5950244594553469083026425223082533446850
3526193118817101000313783875288658753320
8381420617177669147303598253490428755468
7311595628638823537875937519577818577805
3217122680661300192787661119590921642019
8938095257201065485863278865936153381827
9682303019520353018529689957736225994138
9124972177528347913151557485724245415069
5950829533116861727855889075098381754637
4649393192550604009277016711390098488240
1285836160356370766010471018194295559619
8946767837449448255379774726847104047534
6462080466842590694912933136770289891521
0475216205696602405803815019351125338243
0035587640247496473263914199272604269922
7967823547816360093417216412199245863150
3028618297455570674983850549458858692699
5690927210797509302955321165344987202755
9602364806654991198818347977535663698074
2654252786255181841757467289097777279380
0081647060016145249192173217214772350141
4419735685481613611573525521334757418494
6843852332390739414333454776241686251898
3569485562099219222184272550254256887671
7904946016534668049886272327917860857843
8382796797668145410095388378636095068006
4225125205117392984896084128488626945604
2419652850222106611863067442786220391949
4504712371378696095636437191728746776465
7573962413890865832645995813390478027590
0994657640789512694683983525957098258226
2052248940772671947826848260147699090264
0136394437455305068203496252451749399651
4314298091906592509372216964615157098583
8741059788595977297549893016175392846813
8268683868942774155991855925245953959431
0499725246808459872736446958486538367362
2262609912460805124388439045124413654976
2780797715691435997700129616089441694868
5558484063534220722258284886481584560285
0601684273945226746767889525213852254995
4666727823986456596116354886230577456498
0355936345681743241125150760694794510965
9609402522887971089314566913686722874894
0560101503308617928680920874760917824938
5890097149096759852613655497818931297848
2168299894872265880485756401427047755513
2379641451523746234364542858444795265867
8210511413547357395231134271661021359695
3623144295248493718711014576540359027993
4403742007310578539062198387447808478489
6833214457138687519435064302184531910484
8100537061468067491927819119793995206141
9663428754440643745123718192179998391015
9195618146751426912397489409071864942319
6156794520809514655022523160388193014209
3762137855956638937787083039069792077346
7221825625996615014215030680384477345492
0260541466592520149744285073251866600213
2434088190710486331734649651453905796268
5610055081066587969981635747363840525714
5910289706414011097120628043903975951567
7157700420337869936007230558763176359421
8731251471205329281918261861258673215791
9841484882916447060957527069572209175671
1672291098169091528017350671274858322287
1835209353965725121083579151369882091444
2100675103346711031412671113699086585163
9831501970165151168517143765761835155650
8849099898599823873455283316355076479185
3589322618548963213293308985706420467525
9070915481416549859461637180270981994309
9244889575712828905923233260972997120844
3357326548938239119325974636673058360414
2813883032038249037589852437441702913276
5618093773444030707469211201913020330380
1976211011004492932151608424448596376698
3895228684783123552658213144957685726243
3441893039686426243410773226978028073189
1544110104468232527162010526522721116603
9666557309254711055785376346682065310989
6526918620564769312570586356620185581007
2936065987648611791045334885034611365768
6753249441668039626579787718556084552965
4126654085306143444318586769751456614068
0070023787765913440171274947042056223053
8994561314071127000407854733269939081454
6646458807972708266830634328587856983052
3580893306575740679545716377525420211495
5761581400250126228594130216471550979259
2309907965473761255176567513575178296664
5477917450112996148903046399471329621073
4043751895735961458901938971311179042978
2856475032031986915140287080859904801094
1214722131794764777262241425485454033215
7185306142288137585043063321751829798662
2371721591607716692547487389866549494501
1465406284336639379003976926567214638530
6736096571209180763832716641627488880078
6925602902284721040317211860820419000422
9661711963779213375751149595015660496318
6294726547364252308177036751590673502350
7283540567040386743513622224771589150495
3098444893330963408780769325993978054193
4144737744184263129860809988868741326047
2156951623965864573021631598193195167353
8129741677294786724229246543668009806769
2823828068996400482435403701416314965897
9409243237896907069779422362508221688957
3837986230015937764716512289357860158816
1755782973523344604281512627203734314653
1977774160319906655418763979293344195215
4134189948544473456738316249934191318148
0927777103863877343177207545654532207770
9212019051660962804909263601975988281613
3231666365286193266863360627356763035447
7628035045077723554710585954870279081435
6240145171806246436267945612753181340783
3033625423278394497538243720583531147711
9926063813346776879695970309833913077109
8704085913374641442822772634659470474587
8477872019277152807317679077071572134447
3060570073349243693113835049316312840425
1219256517980694113528013147013047816437
8851852909285452011658393419656213491434
1595625865865570552690496520985803385072
2426482939728584783163057777560688876446
2482468579260395352773480304802900587607
5825104747091643961362676044925627420420
8320856611906254543372131535958450687724
6029016187667952406163425225771954291629
9193064553779914037340432875262888963995
8794757291746426357455254079091451357111
3694109119393251910760208252026187985318
8770584297259167781314969900901921169717
3727847684726860849003377024242916513005
0051683233643503895170298939223345172201
3812806965011784408745196012122859937162
3130171144484640903890644954440061986907
5485160263275052983491874078668088183385
1022833450850486082503930213321971551843
0635455007668282949304137765527939751754
6139539846833936383047461199665385815384
2056853386218672523340283087112328278921
2507712629463229563989898935821167456270
1021835646220134967151881909730381198004
9734072396103685406643193950979019069963
9552453005450580685501956730229219139339
1856803449039820595510022635353619204199
4745538593810234395544959778377902374216
1727111723643435439478221818528624085140
0666044332588856986705431547069657474585
5033232334210730154594051655379068662733
3799585115625784322988273723198987571415
9578111963583300594087306812160287649628
6744604774649159950549737425626901049037
7819868359381465741268049256487985561453
7234786733039046883834363465537949864192
7056387293174872332083760112302991136793
8627089438799362016295154133714248928307
2201269014754668476535761647737946752004
9075715552781965362132392640616013635815
5907422020203187277605277219005561484255
5187925303435139844253223415762336106425
0639049750086562710953591946589751413103
4822769306247435363256916078154781811528
4366795706110861533150445212747392454494
5423682886061340841486377670096120715124
9140430272538607648236341433462351897576
6452164137679690314950191085759844239198
6291642193994907236234646844117394032659
1840443780513338945257423995082965912285
0855582157250310712570126683024029295252
2011872676756220415420516184163484756516
9998116141010029960783869092916030288400
2691041407928862150784245167090870006992
8212066041837180653556725253256753286129
1042487761825829765157959847035622262934
8600341587229805349896502262917487882027
3420922224533985626476691490556284250391
2757710284027998066365825488926488025456
6101729670266407655904290994568150652653
0537182941270336931378517860904070866711
4965583434347693385781711386455873678123
0145876871266034891390956200993936103102
9161615288138437909904231747336394804575
9314931405297634757481193567091101377517
2100803155902485309066920376719220332290
9433467685142214477379393751703443661991
0403375111735471918550464490263655128162
2882446257591633303910722538374218214088
3508657391771509682887478265699599574490
6617583441375223970968340800535598491754
1738188399944697486762655165827658483588
4531427756879002909517028352971634456212
9640435231176006651012412006597558512761
7858382920419748442360800719304576189323
4922927965019875187212726750798125547095
8904556357921221033346697499235630254947
8024901141952123828153091140790738602515
2274299581807247162591668545133312394804
9470791191532673430282441860414263639548
0004480026704962482017928964766975831832
7131425170296923488962766844032326092752
4960357996469256504936818360900323809293
4595889706953653494060340216654437558900
4563288225054525564056448246515187547119
6218443965825337543885690941130315095261
7937800297412076651479394259029896959469
9556576121865619673378623625612521632086
2869222103274889218654364802296780705765
6151446320469279068212073883778142335628
2360896320806822246801224826117718589638
1409183903673672220888321513755600372798
3940041529700287830766709444745601345564
1725437090697939612257142989467154357846
8788614445812314593571984922528471605049
2212424701412147805734551050080190869960
3302763478708108175450119307141223390866
3938339529425786905076431006383519834389
3415961318543475464955697810382930971646
5143840700707360411237359984345225161050
7027056235266012764848308407611830130527
9320542746286540360367453286510570658748
8225698157936789766974220575059683440869
7350201410206723585020072452256326513410
5592401902742162484391403599895353945909
4407046912091409387001264560016237428802
1092764579310657922955249887275846101264
8369998922569596881592056001016552563756
7856672279661988578279484885583439751874
4545512965634434803966420557982936804352
2027709842942325330225763418070394769941
5979159453006975214829336655566156787364
0053666564165473217043903521329543529169
4145990416087532018683793702348886894791
5107163785290234529244077365949563051007
4210871426134974595615138498713757047101
7879573104229690666702144986374645952808
2436944578977233004876476524133907592043
4019634039114732023380715095222010682563
4274716460243354400515212669324934196739
7704159568375355516673027390074972973635
4964533288869844061196496162773449518273
6955882207573551766515898551909866653935
4948106887320685990754079234240230092590
0701731960362254756478940647548346647760
4114632339056513433068449539790709030234
6046147096169688688501408347040546074295
8699138296682468185710318879065287036650
8324319744047718556789348230894310682870
2722809736248093996270607472645539925399
4428081137369433887294063079261595995462
6246297070625948455690347119729964090894
1805953439325123623550813494900436427852
7138315912568989295196427287573946914272
5343669415323610045373048819855170659412
1735246258954873016760029886592578662856
1249665523533829428785425340483083307016
5372285635591525347844598183134112900199
9205981352205117336585640782648494276441
1376393866924803118364453698589175442647
3998822846218449008777697763127957226726
5556259628254276531830013407092233436577
9160128093179401718598599933849235495640
0570995585611349802524990669842330173503
5804408116855265311709957089942732870925
8487894436460050410892266917835258707859
5129834417295351953788553457374260859029
0817651557803905946408735061232261120093
7310804854852635722825768203416050484662
7750450031262008007998049254853469414697
7516493270950493463938243222718851597405
4702148289711177792376122578873477188196
8254629812686858170507402725502633290449
7627789442362167411918626943965067151577
9586756482399391760426017633870454990176
1436412046921823707648878341968968611815
5815873606293860381017121585527266830082
3834046564758804051380801633638874216371
4064354955618689641122821407533026551004
2410489678352858829024367090488711819090
9494533144218287661810310073547705498159
6807720094746961343609286148494178501718
0779306810854690009445899527942439813921
3505586422196483491512639012803832001097
7386806628779239718014613432445726400973
7425700735921003154150893679300816998053
6520276007277496745840028362405346037263
4165542590276018348403068113818551059797
0566400750942608788573579603732451414678
6703688098806097164258497595138069309449
4015154222219432913021739125383559150310
0333032511174915696917450271494331515588
5403922164097229101129035521815762823283
1823425483261119128009282525619020526301
6391147724733148573910777587442538761174
6578671169414776421441111263583553871361
0110232679877564102468240322648346417663
6980663785768134920453022408197278564719
8396308781543221166912246415911776732253
2643356861461865452226812688726844596844
2416107854016768142080885028005414361314
6230821025941737562389942075713627516745
7318918945628352570441335437585753426986
9947254703165661399199968262824727064133
6222178923903176085428943733935618891651
2504244040089527198378738648058472689546
2438823437517885201439560057104811949884
2390606136957342315590796703461491434478
8636041031823507365027785908975782727313
0504889398900992391350337325085598265586
7089242612429473670193907727130706869170
9264625484232407485503660801360466895118
4009366860954632500214585293095000090715
1058236267293264537382104938724996699339
4246855164832611341461106802674466373343
7534076429402668297386522093570162638464
8528514903629320199199688285171839536691
3452224447080459239660281715655156566611
1359823112250628905854914509715755390024
3931535190902107119457300243880176615035
2708626025378817975194780610137150044899
1721002220133501310601639154158957803711
7792775225978742891917915522417189585361
6805947412341933984202187456492564434623
9253195313510331147639491199507285843065
8361935369329699289837914941939406085724
8639688369032655643642166442576079147108
6998431573374964883529276932822076294728
2381537409961545598798259891093717126218
2830258481123890119682214294576675807186
5380650648702613389282299497257453033283
8963818439447707794022843598834100358385
4238973542439564755568409522484455413923
9410001620769363684677641301781965937997
1557468541946334893748439129742391433659
3604100352343777065888677811394986164787
4714079326385873862473288964564359877466
7638479466504074111825658378878454858148
9629612739984134427260860618724554523606
4315371011274680977870446409475828034876
9758948328241239292960582948619196670918
9580898332012103184303401284951162035342
8014412761728583024355983003204202451207
2872535581195840149180969253395075778400
0674655260314461670508276827722235341911
0263416315714740612385042584598841990761
1287258059113935689601431668283176323567
3254170734208173322304629879928049085140
9479036887868789493054695570307261900950
2076433493359106024545086453628935456862
9585313153371838682656178622736371697577
4183023986006591481616404944965011732131
3895747062088474802365371031150898427992
7544268532779743113951435741722197597993
5968525228574526379628961269157235798662
0573408375766873884266405990993505000813
3754324546359675048442352848747014435454
1957625847356421619813407346854111766883
1186544893776979566517279662326714810338
6439137518659467300244345005449953997423
7232871249483470604406347160632583064982
9795510109541836235030309453097335834462
8394763047756450150085075789495489313939
4489921612552559770143685894358587752637
9625597081677643800125436502371412783467
9261019955852247172201777237004178084194
2394872540680155603599839054898572354674
5642390585850216719031395262944554391316
6313453089390620467843877850542393905247
3136201294769187497519101147231528932677
2533918146607300089027768963114810902209
7245207591672970078505807171863810549679
7310016787085069420709223290807038326345
3452038027860990556900134137182368370991
9495164896007550493412678764367463849020
6396401976668559233565463913836318574569
8147196210841080961884605456039038455343
7291414465134749407848844237721751543342
6030669883176833100113310869042193903108
0143784334151370924353013677631084913516
1564226984750743032971674696406665315270
3532546711266752246055119958183196376370
7617991919203579582007595605302346267757
9439363074630569010801149427141009391369
1381072581378135789400559950018354251184
1721360557275221035268037357265279224173
7360575112788721819084490061780138897107
7082293100279766593583875890939568814856
0263224393726562472776037890814458837855
0197028437793624078250527048758164703245
8129087839523245323789602984166922548964
9715606981192186584926770403956481278102
1799132174163058105545988013004845629976
5112124153637451500563507012781592671424
1342103301566165356024733807843028655257
2227530499988370153487930080626018096238
1516136690334111138653851091936739383522
9345888322550887064507539473952043968079
0670868064450969865488016828743437861264
5381583428075306184548590379821799459968
1154419742536344399602902510015888272164
7450068207041937615845471231834600726293
3955054823955713725684023226821301247679
4522644820910235647752723082081063518899
1526928891084555711266039650343978962782
5001611015323516051965590421184494990778
9992007329476905868577878720982901352956
6139788848605097860859570177312981553149
5168146717695976099421003618355913877781
7698458758104466283998806006162298486169
3533738657877359833616133841338536842119
7893890018529569196780455448285848370117
0967212535338758621582310133103877668272
1157269495181795897546939926421979155233
8576623167627547570354699414892904130186
3861194391962838870543677743224276809132
3654494853667680000010652624854730558615
9899914017076983854831887501429389089950
6854530765116803337322265175662207526951
7914422528081651716677667279303548515420
4023817460892328391703275425750867655117
8593950027933895920576682789677644531840
4041855401043513483895312013263783692835
8082719378312654961745997056745071833206
5034556644034490453627560011250184335607
3612227659492783937064784264567633881880
7565612168960504161139039063960162022153
6849410926053876887148379895599991120991
6464644119185682770045742434340216722764
4558933012778158686952506949936461017568
5060167145354315814801054588605645501332
0375864548584032402987170934809105562116
7154684847780394475697980426318099175642
2809873998766973237695737015808068229045
9921236616890259627304306793165311494017
6473769387351409336183321614280214976339
9189835484875625298752423873077559555955
4651963944018218409984124898262367377146
7226061633643296406335728107078875816404
3814850188411431885988276944901193212968
2715888413386943468285900666408063140777
5772570563072940049294030242049841656547
9736705485580445865720227637840466823379
8528271057843197535417950113472736257740
8021347682604502285157979579764746702284
0999561601569108903845824502679265942055
5039587922981852648007068376504183656209
4555434613513415257006597488191634135955
6719649654032187271602648593049039787489
5890661272507948282769389535217536218507
9629778514618843271922322381015874445052
8665238022532843891375273845892384422535
4726530981715784478342158223270206902872
3233005386216347988509469547200479523112
0150432932266282727632177908840087861480
2214753765781058197022263097174950721272
4847947816957296142365859578209083073323
3560348465318730293026659645013718375428
8975579714499246540386817992138934692447
4198509733462679332107268687076806263991
9361965044099542167627840914669856925715
0743157407938053239252394775574415918458
2156251819215523370960748332923492103451
4626437449805596103307994145347784574699
9921285999993996122816152193148887693880
2228108300198601654941654261696858678837
2609587745676182507275992950893180521872
9246108676399589161458550583972742098090
9781729323930106766386824040111304024700
7350857828724627134946368531815469690466
9686939254725194139929146524238577625500
4748529547681479546700705034799958886769
5016124972282040303995463278830695976249
3615101024365553522306906129493885990157
3466102371223547891129254769617600504797
4928060721268039226911027772261025441492
2157650450812067717357120271802429681062
0377657883716690910941807448781404907551
7820385653909910477594141321543284406250
3018027571696508209642734841469572639788
4256008453121406593580904127113592004197
5985136254796160632288736181367373244506
0792441176399759746193835845749159880976
6744709300654634242346063423747466608043
1701260052055928493695941434081468529815
0539471789004518357551541252235905906872
6487863575254191128887737176637486027660
6349603536794702692322971868327717393236
1920077745221262475186983349515101986426
9887847171939664976907082521742336566272
5928440620430214113719922785269984698847
7023238238400556555178890876613601304770
9843861168705231055314916251728373272867
6007248172987637569816335415074608838663
6406934704372066886512756882661497307886
5701568501691864748854167915459650723428
7730699853713904300266530783987763850323
8182155355973235306860430106757608389086
2704984188859513809103042359578249514398
8590113185835840667472370297149785084145
8530857813391562707603563907639473114554
9583226694570249413983163433237897595568
0856836297253867913275055542524491943589
1284050452269538121791319145135009938463
1177401797151228378546011603595540286440
5902496466930707769055481028850208085800
8781157738171917417760173307385547580060
5601433774329901272867725304318251975791
6792969965041460706645712588834697979642
9316229655201687973000356463045793088403
2748077181155533090988702550520768046303
4608658165394876951960044084820659673794
7316808641564565053004988161649057883115
4345485052660069823093157776500378070466
1264706021457505793270962047825615247145
9189652236083966456241051955105223572397
3951288181640597859142791481654263289200
4281609136937773722299983327082082969955
7377273756676155271139225880552018988762
0114168005468736558063347160373429170390
7986396522961312801782679717289822936070
2880690877686605932527463784053976918480
8204102194471971386925608416245112398062
0113184541244782050110798760717155683154
0788654390412108730324020106853419472304
7666672174986986854707678120512473679247
9193150856444775379853799732234456122785
8432968466475133365736923872014647236794
2787004250325558992688434959287612400755
8756946413705625140011797133166207153715
4360068764773186755871487839890810742953
0941060596944315847753970094398839491443
2353668539209946879645066533985738887866
1476294434140104988899316005120767810358
8611660202961193639682134960750111649832
7856353161451684576956871090029997698412
6326650234771672865737857908574664607722
8341540311441529418804782543876177079043
0001566986776795760909966936075594965152
7363498118964130433116627747123388174060
3731743970540670310967676574869535878967
0031925866259410510533584384656023391796
7492678447637084749783336555790073841914
7319886271352595462518160434225372996286
3267496824058060296421146386436864224724
8872834341704415734824818333016405669596
6886676956349141632842641497453334999948
0002669987588815935073578151958899005395
1208535103572613736403436753471410483601
7546488300407846416745216737190483109676
7113443494819262681110739948250607394950
7350316901973185211955263563258433909982
2498624067031076831844660729124874754031
6179699411397387765899868554170318847788
6759290260700432126661791922352093822787
8880988633599116081923535557046463491132
0859189796132791319756490976000139962344
4553501434642686046449586247690943470482
9329414041114654092398834443515913320107
7394411184074107684981066347241048239358
2740194493566516108846312567852977697346
8430306146241803585293315973458303845541
0337010916767763742762102137013548544509
2630719011473184857492331816720721372793
5567952844392548156091372812840633303937
3562420016045664557414588166052166608738
7480472433912129558777639069690370788285
2775389405246075849623157436917113176134
7838827194168606625721036851321566478001
4767523103935786068961112599602818393095
4870905907386135191459181951029732787557
1049729011487171897180046961697770017913
9196137914171627070189584692143436967629
2745910994006008498356842520191559370370
1011049747339493877885989417433031785348
7076032219829705797511914405109942358830
3454635349234982688362404332726741554030
1619505680654180939409982020609994140216
8909007082133072308966211977553066591881
4119157783627292746156185710372172471009
5214236964830864102592887457999322374955
1912219519034244523075351338068568073544
6499512720317448719540397610730806026990
6258076020292731455252078079914184290638
8443734996814582733720726639176702011830
0464819000241308350884658415214899127610
6513741539435657211390328574918769094413
7020905170314877734616528798482353382972
6013611098451484182380812054099612527458
0881099486972216128524897425555516076371
6750548961730168096138038119143611439921
0638005083214098760459930932485102516829
4467260666138151745712559754953580239983
1469822036133808284993567055755247129027
4539776214049318201465800802156653606776
5508783804304134310591804606800834591136
6408348874080057412725867047922583191274
1573908091438313845642415094084913391809
6840251163991936853225557338966953749026
6209232613188558915808324555719484538756
2878612885900410600607374650140262782402
7346962528217174941582331749239683530136
1786536737606421667781377399510065895288
7742766263684183068019080460984980946976
3667335662282915132352788806157768278159
5886691802389403330764419124034120223163
6857786035727694154177882643523813190502
8087018575047046312933353757285386605888
9045831114507739429352019943219711716422
3500564404297989208159430716701985746927
3848653833436145794634175922573898588001
6980147574205429958012429581054565108310
4629728293758416116253256251657249807849
2099897990620035936509934721582965174135
7984910471116607915874369865412223483418
8772292944633517865385673196255985202607
2947674072616767145573649812105677716893
4849176607717052771876011999081441130586
4557791052568430481144026193840232247093
9249802933550731845890355397133088446174
1079591625117148648744686112476054286734
3670904667846867027409188101424971114965
7817724279347070216688295610877794405048
4375284433751088282647719785400065097040
3302186255614733211777117441335028160884
0351781452541964320309576018694649088681
5452856213469883554445602495566684366029
2219512483091060537720198021831010327041
7838665447181260397190688462370857518080
0353270471856594994761242481109992886791
5896904956394762460842406593094862150769
0314987020673533848349550836366017848771
0608098042692471324100094640143736032656
4518456679245666955100150229833079849607
9949882497061723674493612262229617908143
1141466094123415935930958540791390872083
2273354957208075716517187659944985693795
6238755516175754380917805280294642004472
1539628074636021132942559160025707356281
2638733106005891065245708024474937543184
1494014821199962764531068006631183823761
6396631809314446712986155275982014514102
7560068929750246304017351489194576360789
3528555053173314164570504996443890936308
4387448478396168405184527328840323452024
7056851646571647713932377551729479512613
2398229602394548579754586517458787713318
1387529598094121742273003522965080891777
0506825924882232215493804837145478164721
3976820963320508305647920482085920475499
8573203888763916019952409189389455767687
4973085695595801065952650303626615975066
2225084067428898265907510637563569968211
5109496697445805472886936310203678232501
8232370845979011154847208761821247781326
6330412076216587312970811230758159821248
6398072124078688781145016558251361789030
7086087019897588980745664395515741536319
3191981070575336633738038272152798849350
3974800158905194208797113080512339332219
0346624991716915094854140187106035460379
4643379005890957721180804465743962806186
7178610171567409676620802957665770512912
0990794430463289294730615951043090222143
9371849560634056189342513057268291465783
2933405246350289291754708725648426003496
2961165413823007731332729830500160256724
0141851520418907011542885799208121984493
1569990591820118197335001261877280368124
8199587707020753240636125931343859554254
7781961142935163561223496661522614735399
6740515849986035529533292457523888101362
0234762466905581643896786309762736550472
4348643071218494373485300606387644566272
1866617012381277156213797461498613287441
1771455244470899714452288566294244023018
4791205478498574521634696448973892062401
9435183100882834802492490854030778638751
6591130287395878709810077271827187452901
3972836614842142871705531796543076504534
3246005363614726181809699769334862640774
3519992868632383508875668359509726557481
5431940195576850437248001020413749831872
2596773871549583997184449072791419658459
3008394263702087563539821696205532480321
2267498911402678528599673405242031091797
8999057188219493913207534317079800237365
9098537552023891164346718558290685371189
7952626234492483392496342449714656846591
2489185566295893299090352392333336474352
0370770101084388003290759834217018554228
3861617210417603011645918780539367447472
0599850235828918336929223373239994804371
0841965947316265482574809948250999183300
6976569367159689364493348864744213500840
7006608835972350395323401795825570360169
3699098867113210979889707051728075585519
1269930673099250704070245568507786790694
7661262980822516331363995211709845280926
3037592242674257559989289278370474445218
9363203489415521044597261883800300677617
9313813991620580627016510244588692476492
4689192461212531027573139084047000714356
1362316992371694848132554200914530410371
3545329662063921054798243921251725401323
1490274058589206321758949434548906846399
3137570910346332714153162232805522972979
5380188016285907357295541627886764982741
8616421878988574107164906919185116281528
5486794173638906653885764229158342500673
6124538491606741373401735727799563410433
2688356950781493137800736235418007061918
0267328551191942676091221035987469241172
8374931261633950012395992405084543756985
0795704622266461900010350049018303415354
5842833764378111988556318777792537201166
7185395418359844383052037628194407615941
0682071697030228515225057312609304689842
3433152732131361216582808075212631547730
6044237747535059522871744026663891488171
7308643611138906942027908814311944879941
7154042103412190847094080254023932942945
4938786402305129271190975135360009219711
0541209668311151632870542302847007312065
8032626417116165957613272351566662536672
7189985341998952368848309993027574199164
6384142707798870887422927705389122717248
6322028898425125287217826030500994510824
7835729056919885554678860794628053712270
424665331973
